0.0004686111060436815 ,
0.0 ,
0.0004926964757032692 ,
0.0 ,
0.00048051169142127037 ,
0.0 ,
0.0004993824986740947 ,
0.0 ,
0.0005195796838961542 ,
0.0 ,
0.0004534834297373891 ,
0.0 ,
0.000500159221701324 ,
0.0 ,
0.0005215873825363815 ,
0.0 ,
0.0005322296055965126 ,
0.0 ,
0.00048147261259146035 ,
0.0 ,
0.0004936743061989546 ,
0.0 ,
0.0004696820687968284 ,
0.0 ,
0.00047066580737009645 ,
0.0 ,
0.00047440826892852783 ,
0.0 ,
0.0005014702910557389 ,
0.0 ,
0.0004461119242478162 ,
0.0 ,
0.0004902842338196933 ,
0.0 ,
0.0004331739619374275 ,
0.0 ,
0.0004529516154434532 ,
0.0 ,
0.0004969611181877553 ,
0.0 ,
0.00047743055620230734 ,
0.0 ,
0.00045960323768667877 ,
0.0 ,
0.0005286411615088582 ,
0.0 ,
0.0005542143480852246 ,
0.0 ,
0.00047512759920209646 ,

---------------------

0.12788309156894684 ,
0.18960407376289368 ,
0.1296430379152298 ,
0.15567521750926971 ,
0.17518413066864014 ,
0.15914073586463928 ,
0.18481235206127167 ,
0.170816108584404 ,
0.14984746277332306 ,
0.1197076067328453 ,
0.1485041379928589 ,
0.15816016495227814 ,
0.15275713801383972 ,
0.16174496710300446 ,
0.1552196890115738 ,
0.16714060306549072 ,
0.1867661476135254 ,
0.1794850379228592 ,
0.1634976863861084 ,
0.162464901804924 ,
0.10196664184331894 ,
0.14720849692821503 ,
0.14499157667160034 ,
0.11127671599388123 ,
0.14750054478645325 ,
0.13705837726593018 ,
0.12297613173723221 ,
0.13320952653884888 ,
0.15693362057209015 ,
0.11242774873971939 ,
0.1316920816898346 ,
0.10052784532308578 ,
0.12186310440301895 ,
0.15347108244895935 ,
0.12123443931341171 ,
0.10919829457998276 ,
0.09967876225709915 ,
0.1868114471435547 ,
0.1559353470802307 ,
0.12568476796150208 ,
0.11488106846809387 ,
0.15308454632759094 ,
0.13361608982086182 ,
0.1442885547876358 ,
0.13187210261821747 ,
0.12780289351940155 ,
0.11837170273065567 ,
0.14776135981082916 ,
0.1452396661043167 ,
---------------------