0.9033361673355103 ,
0.03437791392207146 ,
0.03894942253828049 ,
0.03851236030459404 ,
0.03525106608867645 ,
0.045099321752786636 ,
0.034004855901002884 ,
0.03887896239757538 ,
0.0387868694961071 ,
0.03533213213086128 ,
0.04471973702311516 ,
0.03419363498687744 ,
0.03881759196519852 ,
0.039028916507959366 ,
0.035318635404109955 ,
0.044884707778692245 ,
0.03419363498687744 ,
0.03894942253828049 ,
0.03865756839513779 ,
0.03541301563382149 ,
0.044428229331970215 ,
0.033969778567552567 ,
0.03956283628940582 ,
0.03847210109233856 ,
0.035698000341653824 ,
0.044735729694366455 ,
0.033800914883613586 ,
0.039314981549978256 ,
0.03874381631612778 ,
0.035550765693187714 ,
0.04444164037704468 ,
0.03417271003127098 ,
0.03827016055583954 ,
0.03805149346590042 ,
0.035544056445360184 ,
0.04436647146940231 ,
0.03369494527578354 ,
0.03891880437731743 ,
0.03845660388469696 ,
0.03614271059632301 ,
0.04468240216374397 ,
0.03348555788397789 ,
0.039318010210990906 ,
0.037419676780700684 ,
0.036369580775499344 ,
0.04448989778757095 ,
0.03335000202059746 ,
0.04028838127851486 ,
0.03757862746715546 ,

---------------------

0.10390757769346237 ,
0.11950826644897461 ,
0.13151001930236816 ,
0.13080470263957977 ,
0.11934756487607956 ,
0.12170257419347763 ,
0.13658876717090607 ,
0.14640867710113525 ,
0.13009923696517944 ,
0.13969537615776062 ,
0.1210336834192276 ,
0.12950043380260468 ,
0.12971198558807373 ,
0.10352829098701477 ,
0.10842812806367874 ,
0.15307675302028656 ,
0.13820084929466248 ,
0.12675201892852783 ,
0.10509736090898514 ,
0.13868992030620575 ,
0.1325744241476059 ,
0.14116311073303223 ,
0.13194982707500458 ,
0.1372574120759964 ,
0.11867143213748932 ,
0.13154083490371704 ,
0.1555679738521576 ,
0.16228429973125458 ,
0.17773906886577606 ,
0.13069894909858704 ,
0.12507055699825287 ,
0.12989015877246857 ,
0.1420285850763321 ,
0.11175668984651566 ,
0.09755732119083405 ,
0.09835201501846313 ,
0.12372125685214996 ,
0.1306350827217102 ,
0.1125263199210167 ,
0.11415969580411911 ,
0.15993204712867737 ,
0.1355075091123581 ,
0.13493359088897705 ,
0.10669364035129547 ,
0.09961774945259094 ,
0.09091214835643768 ,
0.12107307463884354 ,
0.12079411000013351 ,
0.12374823540449142 ,
0.09943809360265732 ,
---------------------