0.6425432562828064 ,
0.10821682959794998 ,
0.0881979763507843 ,
0.11894234269857407 ,
0.08694697171449661 ,
0.08258884400129318 ,
0.1049145832657814 ,
0.091016985476017 ,
0.11883706599473953 ,
0.08467421680688858 ,
0.09094361215829849 ,
0.10386856645345688 ,
0.09205494076013565 ,
0.11836162954568863 ,
0.08771004527807236 ,
0.4882165491580963 ,
0.10690460354089737 ,
0.10070556402206421 ,
0.12445234507322311 ,
0.24465230107307434 ,
0.4930550456047058 ,
0.4979080259799957 ,
0.149995356798172 ,
0.19189950823783875 ,
0.37906917929649353 ,
0.49075132608413696 ,
0.10199586302042007 ,
0.11789035052061081 ,
0.14114876091480255 ,
0.08227358013391495 ,
0.09376398473978043 ,
0.09932173788547516 ,
0.09609097242355347 ,
0.11710914224386215 ,
0.07710979878902435 ,
0.09948603063821793 ,
0.09873790293931961 ,
0.09675364196300507 ,
0.11680948734283447 ,
0.07540111988782883 ,
0.12169081717729568 ,
0.09908139705657959 ,
0.10549474507570267 ,
0.11859506368637085 ,
0.0730123370885849 ,
0.10099280625581741 ,
0.0958922728896141 ,
0.10186956077814102 ,
0.11383133381605148 ,
0.07116018980741501 ,
---------------------
0.0 ,
0.0 ,
0.5729404091835022 ,
0.16740286350250244 ,
0.1412973254919052 ,
0.19287727773189545 ,
0.15112678706645966 ,
0.20466266572475433 ,
0.13784673810005188 ,
0.13613855838775635 ,
0.18318162858486176 ,
0.16393965482711792 ,
0.16838979721069336 ,
0.15834170579910278 ,
0.1676391214132309 ,
0.15181542932987213 ,
0.2980928122997284 ,
0.17607736587524414 ,
0.16129253804683685 ,
0.13600978255271912 ,
0.20275317132472992 ,
0.22953011095523834 ,
0.12451363354921341 ,
0.2950342297554016 ,
0.1495504379272461 ,
0.19278763234615326 ,
0.15522736310958862 ,
0.1965397298336029 ,
0.23246341943740845 ,
0.3319993019104004 ,
0.31189632415771484 ,
0.18746121227741241 ,
0.268792062997818 ,
0.13423116505146027 ,
0.1356429159641266 ,
0.22048264741897583 ,
0.1965676248073578 ,
0.1994776874780655 ,
0.17615723609924316 ,
0.19232207536697388 ,
0.15775036811828613 ,
0.16727963089942932 ,
0.1710302233695984 ,
0.1364569216966629 ,
0.19127853214740753 ,
0.19636011123657227 ,
0.13014687597751617 ,
0.1593623161315918 ,
0.14310139417648315 ,
0.14948983490467072 ,
0.16527220606803894 ,
0.1727287620306015 ,
---------------------