0.08606502413749695 ,
0.09320417791604996 ,
0.08333460241556168 ,
0.09840533137321472 ,
0.06503129005432129 ,
0.09078224003314972 ,
0.08309106528759003 ,
0.08676993101835251 ,
0.10015837848186493 ,
0.06515399366617203 ,
0.08760533481836319 ,
0.0851319432258606 ,
0.08533754199743271 ,
0.10091368854045868 ,
0.06677860021591187 ,
0.08608303219079971 ,
0.08553845435380936 ,
0.08413611352443695 ,
0.10174427181482315 ,
0.06816203147172928 ,
0.08373276144266129 ,
0.08755633234977722 ,
0.08259172737598419 ,
0.10242623090744019 ,
0.06934453547000885 ,
0.08261049538850784 ,
0.08766518533229828 ,
0.08133511245250702 ,
0.10260879248380661 ,
0.07073845714330673 ,
0.07981868088245392 ,
0.08871816098690033 ,
0.08008407801389694 ,
0.10279335081577301 ,
0.07286033034324646 ,
0.07790343463420868 ,
0.09046390652656555 ,
0.07946992665529251 ,
0.10278059542179108 ,
0.07493327558040619 ,
0.07490622997283936 ,
0.09203680604696274 ,
0.07782994955778122 ,
0.1025739312171936 ,
0.07725343853235245 ,
0.07181387394666672 ,
0.09338817745447159 ,
0.07664615660905838 ,
0.10208231955766678 ,
0.0820646658539772 ,
---------------------
0.5521730184555054 ,
0.17302389442920685 ,
0.19819287955760956 ,
0.2028483897447586 ,
0.16320942342281342 ,
0.18048450350761414 ,
0.11549477279186249 ,
0.12732535600662231 ,
0.14133022725582123 ,
0.18395765125751495 ,
0.1449447125196457 ,
0.1378674954175949 ,
0.20449018478393555 ,
0.25825923681259155 ,
0.1515214741230011 ,
0.19872987270355225 ,
0.17331165075302124 ,
0.22875858843326569 ,
0.27038130164146423 ,
0.17913933098316193 ,
0.17252297699451447 ,
0.12481771409511566 ,
0.13241156935691833 ,
0.1428612768650055 ,
0.13617533445358276 ,
0.10727084428071976 ,
0.17945979535579681 ,
0.13237285614013672 ,
0.18701809644699097 ,
0.20201748609542847 ,
0.1678445041179657 ,
0.1702071726322174 ,
0.170781210064888 ,
0.21354030072689056 ,
0.2268390953540802 ,
0.15172824263572693 ,
0.10020478069782257 ,
0.18430078029632568 ,
0.1783069223165512 ,
0.2181420773267746 ,
0.20942142605781555 ,
0.09984605014324188 ,
0.1639905571937561 ,
0.15197473764419556 ,
0.16129031777381897 ,
0.14627262949943542 ,
0.10212668031454086 ,
0.15247593820095062 ,
0.18646399676799774 ,
0.17641082406044006 ,
---------------------