0.10730306804180145 ,
0.08564013242721558 ,
0.111328125 ,
0.08826147764921188 ,
0.10730528831481934 ,
0.10318342596292496 ,
0.08847462385892868 ,
0.11149290204048157 ,
0.08680564165115356 ,
0.11000967025756836 ,
0.10006192326545715 ,
0.09052450209856033 ,
0.11037640273571014 ,
0.08609548956155777 ,
0.11138593405485153 ,
0.09857236593961716 ,
0.09213777631521225 ,
0.10958079993724823 ,
0.08545898646116257 ,
0.11279085278511047 ,
0.09459307044744492 ,
0.09592831879854202 ,
0.10752946138381958 ,
0.08617576211690903 ,
0.114325612783432 ,
0.09239617735147476 ,
0.09806433320045471 ,
0.1065840944647789 ,
0.08706343919038773 ,
0.11445274949073792 ,
0.091474249958992 ,
0.10030347853899002 ,
0.1045195609331131 ,
0.08881888538599014 ,
0.11463383585214615 ,
0.08767606317996979 ,
0.10324002057313919 ,
0.10270517319440842 ,
0.08998693525791168 ,
0.1144808679819107 ,
0.08714144676923752 ,
0.10412877053022385 ,
0.10056579113006592 ,
0.0908360630273819 ,
0.11313171684741974 ,
0.08551336824893951 ,
0.10636240988969803 ,
0.09712256491184235 ,
0.09322591871023178 ,
0.11312434077262878 ,
---------------------
0.17714114487171173 ,
0.15479286015033722 ,
0.14828965067863464 ,
0.11468581855297089 ,
0.17818118631839752 ,
0.19712719321250916 ,
0.20756663382053375 ,
0.17552810907363892 ,
0.12821729481220245 ,
0.11639031767845154 ,
0.16895942389965057 ,
0.13798071444034576 ,
0.1551390290260315 ,
0.2367076575756073 ,
0.24317140877246857 ,
0.2266692817211151 ,
0.131497323513031 ,
0.13348576426506042 ,
0.1404714733362198 ,
0.123001329600811 ,
0.0988042876124382 ,
0.1528109759092331 ,
0.13888318836688995 ,
0.09558222442865372 ,
0.15092314779758453 ,
0.1997058391571045 ,
0.11057495325803757 ,
0.12746478617191315 ,
0.11601895093917847 ,
0.23718208074569702 ,
0.20500603318214417 ,
0.23423050343990326 ,
0.1510242074728012 ,
0.09912710636854172 ,
0.1777953952550888 ,
0.18038605153560638 ,
0.18662182986736298 ,
0.1670043170452118 ,
0.1539495885372162 ,
0.1395835429430008 ,
0.17137350142002106 ,
0.1598903089761734 ,
0.13777408003807068 ,
0.1651942878961563 ,
0.15796634554862976 ,
0.18263676762580872 ,
0.15862753987312317 ,
0.21207882463932037 ,
0.22483906149864197 ,
0.16285991668701172 ,
---------------------